32 29 22.3333 114.2632 22.3332 114.2632
32 31 22.3331 114.2634 22.3332 114.2635
34 33 22.3345 114.2627 22.3342 114.2628
8 9 22.3338 114.2672 22.3339 114.2672
3 2 22.3346 114.2679 22.3347 114.2677
15 16 22.3341 114.2649 22.3340 114.2644
41 42 22.3349 114.2640
50 51 22.3363 114.2647
73 69 22.3376 114.2629
70 69 22.3376 114.2631 22.3375 114.2631 22.3374 114.2631
74 75 22.3388 114.2622 22.3388 114.2623 22.3387 114.2623
67 62 22.3395 114.2628 22.3392 114.2627
93 94 22.3370 114.2673
100 99 22.3376 114.2676
96 95 22.3365 114.2678
95 94 22.3365 114.2676
42 L35-37 22.3349 114.2636 22.3350 114.2638
41 C1 22.3350 114.2640 
C1 L33 22.3353 114.2638
68 L5 22.3386 114.2627